600 100
972 735
1586 366
1001 560
1746 268
1242 203
4 645
136 251
1226 539
133 21
245 180
323 551
72 164
1476 110
564 351
704 477
1196 184
175 364
866 455
592 188
45 600
809 652
1603 663
707 417
667 109
296 527
558 53
730 148
1562 43
1689 698
1328 159
353 467
173 267
1701 195
897 513
1177 657
1684 406
167 129
1066 373
716 377
999 93
552 714
597 140
107 464
1410 526
67 571
1467 727
1131 710
1708 385
1279 105
909 392
869 139
1358 230
1455 401
76 676
703 259
1347 672
1067 680
79 619
1778 100
32 97
1403 389
692 488
1655 786
530 438
1776 686
452 413
924 342
1 96
1778 194
1021 765
517 679
265 210
9 643
804 213
1635 464
9 496
1428 105
592 793
1041 744
1720 142
419 637
1476 696
1009 266
679 93
1492 284
659 408
113 382
1147 732
1097 126
532 480
651 493
1035 763
1798 744
1606 535
1397 712
1551 599
671 76
1160 595
811 283
1664 105
1233 624
663 642
1565 403
1296 430
1140 566
1677 713
1366 158
261 27
1670 684
1040 137
1784 29
1156 11
1416 25
431 786
659 643
1033 175
452 452
11 694
665 392
1183 343
1780 496
437 577
175 274
543 180
1330 368
1711 683
424 694
1441 608
418 664
1755 66
752 418
653 66
1010 715
1740 320
127 94
1466 408
613 420
876 96
994 324
1209 116
159 576
1564 291
345 96
62 292
980 689
1306 148
1077 385
640 343
390 223
867 469
595 717
1425 267
692 418
29 435
582 604
608 254
1615 89
1673 123
712 434
338 768
374 761
755 596
1755 277
679 703
718 261
1336 403
410 398
1394 325
538 92
1393 411
435 341
459 108
1647 534
161 457
1610 299
1241 85
195 377
882 133
369 532
598 263
207 327
85 235
297 118
420 761
1146 60
1410 786
1796 488
133 70
1229 230
1494 56
1128 361
341 762
58 578
130 283
851 369
1159 197
924 563
22 259
8 60
1778 346
1147 670
62 461
1563 69
1486 606
1486 40
346 514
399 618
733 61
1484 48
361 129
1227 372
477 117
978 660
1391 795
1094 277
463 526
56 740
66 517
1592 174
375 388
29 576
312 89
1198 15
129 620
1794 1
641 123
587 204
391 757
873 543
1277 631
946 781
1328 505
1403 196
1648 72
447 310
665 509
380 282
886 549
423 14
161 55
287 103
1073 183
1291 41
328 564
761 700
692 297
871 134
1624 611
1773 480
1446 55
18 183
807 37
1417 51
1548 142
1206 304
267 358
1479 725
186 277
383 239
839 230
326 572
435 737
1569 46
566 556
570 666
1261 188
560 16
1051 516
1252 544
1621 265
32 705
1584 147
958 445
574 632
1623 394
1265 743
1712 12
944 96
889 248
171 564
1024 391
1028 597
1567 11
918 513
1728 373
1744 222
1459 653
657 577
710 553
1356 412
861 604
26 684
332 40
1343 446
1679 560
1070 792
731 196
703 340
828 368
119 102
884 92
684 555
867 731
417 767
11 262
1527 615
1703 609
220 171
1192 57
77 764
1407 407
479 474
1704 300
1251 126
1681 633
599 564
1276 298
613 178
556 371
1067 386
1033 688
1215 458
859 571
795 228
571 537
127 558
1122 319
1420 479
1015 650
1326 235
1434 703
64 526
798 447
1753 157
1104 290
580 582
1748 663
292 5
1693 685
1085 176
545 411
456 621
1338 280
1747 618
404 539
584 170
1283 653
416 518
1 746
1598 144
698 208
985 33
455 26
827 319
665 268
674 92
1552 609
108 269
805 128
794 686
1244 248
546 238
841 430
576 54
696 39
1406 456
840 415
1472 415
356 170
774 548
1053 733
1737 555
460 472
1064 84
109 673
1050 608
532 429
1748 193
640 23
1616 691
315 484
46 498
952 703
245 296
556 249
1490 560
1596 676
1476 16
1094 205
962 193
1656 14
921 443
1650 173
1597 365
1674 130
1112 705
1109 639
1691 532
1604 272
1233 682
276 468
500 795
1202 359
1173 161
1514 25
516 580
1559 475
1701 536
240 176
274 347
491 138
471 426
14 383
1586 706
1452 256
1469 507
865 387
114 735
8 303
1479 176
839 51
378 33
918 403
1173 572
983 331
799 9
927 715
765 697
738 219
1767 531
1729 320
1742 494
298 227
7 791
911 26
625 290
1386 398
1438 9
621 584
1082 280
1100 204
194 484
1472 744
1251 546
945 38
434 411
686 790
64 651
1062 793
1530 358
16 154
1756 6
956 294
153 305
676 761
1330 76
547 769
1375 291
1136 636
1659 593
685 228
74 480
128 176
991 707
653 395
1777 728
338 214
6 83
5 426
633 716
255 379
1443 756
1782 578
1180 587
279 526
658 766
694 441
137 517
23 317
723 258
804 573
502 312
1473 354
1444 219
134 247
1273 123
1577 210
1205 623
1785 567
1452 177
374 444
817 90
621 505
228 498
604 435
275 393
58 455
658 199
495 732
357 351
456 76
196 424
1631 575
1800 238
1751 465
697 654
744 226
488 463
1559 591
1142 237
1271 76
1527 743
1595 383
1301 73
1580 9
286 115
1465 146
525 444
1700 51
1081 448
1627 799
645 386
113 205
324 607
1704 180
804 513
261 584
1020 166
1243 681
1683 708
147 373
79 633
102 176
726 681
1085 702
1607 360
1312 298
437 670
1455 614
983 781
473 112
617 535
1375 540
1132 734
1238 502
409 663
1070 319
403 222
87 248
839 366
1181 409
103 448
1183 102
1797 16
626 58
1714 406
83 716
1434 61
1615 70
664 219
1690 130
478 188
1041 280
1162 74
260 528
377 726
1471 71
55 297
1241 558
68 210
264 415
1409 756
60 252
760 636
979 660
531 733
1547 136
1017 352
71 477
1728 44
12 789
142 424
1293 206
1128 358
617 43
579 212
93 123
482 529
439 214
1362 451
1064 33
525 640
927 554
1749 659
503 756
1641 609
956 150
848 446
1109 743
528 364
1221 765
453 241
1083 283
1407 431
481 199
1702 93
265 586
1342 457
820 263
1139 524
33 676
1122 215
1006 420
1068 237
915 569
345 131
403 535
1371 700
278 263
1258 194
862 346
1698 256
1652 160
1635 674
581 221
1586 223
489 782
329 255
1689 341
123 229
1380 163
1706 483
1579 795
1135 764
550 184
501 538
1686 678
1226 372
1110 138
1728 320
1375 797
965 365
1645 570
340 294
374 145
635 601
266 16
541 224
1798 110
1233 89
1593 587
1290 59
989 87
250 339
1215 303
754 612
181 169
472 96
1452 303
785 687
358 159
249 792
78 384
1057 56
329 438
405 89
686 403
517 687
1536 310
983 719
1296 496
1388 19
1515 682
1094 52
837 2
1622 623
370 548
1702 95
464 642
189 757
1653 619
1305 477
372 79
1086 365
339 313
786 791
157 176
1121 98
682 126
1522 159
157 43
1317 648
1637 324
1406 348
83 180
1090 578
566 287
262 715
350 618
1578 516
43
186
188
79
375
247
154
287
170
128
158
17
270
215
282
108
283
207
470
160
173
5
413
234
44
219
43
480
446
491
124
310
393
290
44
305
243
91
87
239
19
148
490
145
114
233
26
195
53
141
34
179
447
292
312
452
246
428
103
273
492
3
73
92
26
499
231
1
162
249
479
312
232
447
218
58
442
135
293
467
451
284
246
467
279
31
115
162
420
196
98
200
52
309
96
152
308
203
479
161
