210 37
430 39
439 2
344 16
526 6
265 19
70 67
123 34
175 49
-1 70
67
254 54
359 59
585 24
338 36
291 10
196 14
293 7
368 60
561 4
39 52
133 39
107 46
247 75
214 2
239 90
392 22
463 69
502 42
106 30
361 47
595 80
486 25
161 55
540 57
178 76
209 15
213 40
152 66
401 26
108 36
88 38
171 57
513 51
226 24
242 51
4 19
592 14
0 69
532 94
11 94
28 36
209 44
589 7
587 35
484 29
347 16
37 83
211 57
146 83
98 8
438 45
334 2
58 48
427 59
341 78
23 88
595 75
118 66
310 3
590 63
169 3
440 11
573 55
365 3
22 66
409 53
255 53
510 51
125 36
194 20
379 23
6 29
500 57
167 93
522 29
459 80
459 42
132 69
244 59
402 37
85 66
523 98
337 46
319 83
117 10
112 71
94 17
373 63
462 86
270 10
384 47
594 26
509 11
388 11
247 80
144 69
543 33
529 36
209 60
588 1
549 20
368 44
253 89
312 39
314 80
142 82
287 45
8 90
83 88
-1 107
-1 337
46
231 70
598 33
569 94
-1 440
-1 509
-1 388
11
141 68
93 99
21 23
464 66
576 89
280 12
178 16
87 33
508 50
346 91
18 24
382 69
355 88
142 15
86 62
-1 213
40
344 76
237 14
-1 585
-1 226
-1 18
24
294 42
590 73
172 42
139 49
187 90
105 36
231 81
108 23
-1 185
185 40
345 34
174 92
55 17
88 87
582 19
560 77
394 22
-1 384
384 24
30 64
431 31
259 8
546 2
55 91
424 41
181 29
425 74
476 66
560 5
537 78
-1 361
361 24
307 56
522 94
386 23
436 3
595 42
247 50
99 77
38 66
447 10
502 50
215 35
99 5
179 96
510 49
232 30
157 77
470 53
158 66
298 20
368 15
548 29
72 10
60 93
225 88
416 20
313 49
-1 195
195 11
432 18
81 72
205 76
157 5
236 43
432 27
466 27
104 9
518 5
499 84
562 2
60 3
190 83
36 56
20 59
5 10
157 22
583 83
-1 155
155 24
357 29
53 10
323 8
252 71
383 53
229 91
455 51
312 28
95 50
373 73
518 77
123 47
-1 40
40 67
353 20
21 75
84 58
521 66
312 21
-1 123
-1 345
34
588 4
405 35
180 53
-1 401
-1 594
26
394 77
243 76
151 58
462 94
430 28
406 99
439 13
80 78
314 36
-1 179
179 24
490 64
184 87
339 38
277 52
-1 247
-1 595
-1 21
75
251 74
410 57
188 19
419 89
421 82
394 5
356 50
383 18
-1 310
-1 169
-1 365
-1 436
-1 60
3
535 92
414 58
66 41
10 76
289 7
48 51
563 87
-1 459
459 75
-1 591
591 67
214 13
103 81
-1 508
-1 502
-1 95
-1 356
50
47 28
36 86
-1 575
575 67
380 64
520 32
114 45
449 68
560 22
504 31
546 83
48 49
206 98
293 81
420 74
275 0
-1 589
589 3
218 25
228 14
-1 312
21
-1 3
3 21
101 45
-1 327
327 3
182 15
231 7
375 95
-1 498
498 67
260 76
138 41
79 77
284 28
-1 532
-1 11
-1 569
-1 522
-1 462
94
162 39
562 13
306 80
128 78
437 71
84 68
209 82
96 88
119 54
397 31
236 84
104 95
315 45
552 49
119 37
260 98
308 49
29 30
79 5
398 25
-1 30
-1 490
-1 380
64
93 42
73 8
485 49
184 73
500 65
26 88
284 39
326 2
154 45
407 31
-1 571
571 40
103 7
221 15
547 1
-1 317
317 24
577 41
-1 93
93 50
-1 339
339 11
121 16
272 12
46 33
351 52
241 13
165 7
-1 289
289 3
193 29
71 18
269 25
347 76
-1 181
181 94
133 28
482 58
579 5
175 51
524 22
360 19
292 82
-1 291
-1 117
-1 270
-1 447
-1 72
-1 5
-1 53
10
322 14
283 14
256 72
426 69
99 22
258 27
349 22
199 39
353 8
-1 52
52 3
573 59
142 44
-1 264
264 67
-1 210
-1 402
-1 119
37
-1 285
285 21
579 77
171 65
393 92
105 23
236 27
-1 586
586 94
-1 152
-1 118
-1 22
-1 85
-1 464
-1 476
-1 38
-1 158
-1 521
66
233 5
-1 113
113 26
335 45
564 6
-1 550
550 37
241 38
544 70
243 98
326 83
516 89
-1 241
241 11
466 60
413 23
561 1
233 77
373 87
529 23
33 14
423 9
320 69
545 78
-1 175
-1 139
-1 510
-1 313
-1 48
-1 552
-1 308
-1 485
49
-1 386
386 75
338 23
435 96
28 23
574 69
134 90
212 69
533 59
408 56
-1 456
456 26
209 65
129 5
499 43
495 53
-1 239
-1 8
-1 187
-1 134
90
69 69
397 42
-1 314
314 75
-1 439
-1 214
-1 334
-1 546
-1 562
-1 326
2
32 22
142 65
129 77
422 41
-1 209
-1 142
-1 368
-1 182
-1 221
15
215 16
-1 162
162 21
205 16
-1 400
400 64
-1 32
32 21
269 92
-1 515
515 15
316 54
-1 338
-1 108
-1 28
-1 125
-1 529
-1 105
36
129 48
398 92
474 6
218 22
410 4
539 69
167 58
66 20
511 72
421 65
49 41
360 54
557 71
260 6
523 6
31 29
15 19
-1 531
531 10
-1 560
-1 99
-1 157
-1 518
-1 394
-1 79
-1 579
-1 233
-1 129
77
286 72
330 17
-1 174
-1 535
-1 393
-1 269
-1 398
92
271 89
78 69
307 86
-1 135
135 3
395 33
480 55
-1 336
336 36
396 95
412 62
-1 556
556 10
13 96
290 14
-1 41
41 34
-1 240
240 15
294 80
280 41
-1 265
-1 4
-1 582
-1 188
-1 360
-1 15
19
281 95
457 93
9 56
-1 250
250 94
333 48
268 70
35 28
-1 297
297 66
407 42
148 1
126 78
-1 293
293 3
82 13
49 20
89 35
45 72
-1 593
593 36
444 52
103 70
-1 1
1 92
-1 463
-1 0
-1 132
-1 144
-1 382
-1 426
-1 320
-1 574
-1 212
-1 69
-1 539
-1 78
69
168 57
-1 145
145 19
131 88
24 6
243 6
176 53
-1 367
367 3
369 55
572 29
248 31
403 38
12 89
301 45
280 83
482 93
443 70
263 35
311 35
-1 130
130 66
10 6
-1 219
219 64
-1 216
216 10
47 39
20 55
305 72
-1 548
548 94
-1 91
91 69
249 71
-1 379
379 75
541 45
273 45
551 62
481 96
122 29
39 63
148 27
577 12
-1 570
570 64
-1 194
-1 549
-1 298
-1 416
-1 353
-1 66
-1 49
20
271 22
234 1
206 78
-1 58
-1 333
48
555 28
258 43
-1 513
-1 242
-1 455
51
319 12
530 62
306 42
324 35
109 38
258 1
-1 299
299 90
577 83
-1 292
292 46
-1 261
261 26
-1 495
495 64
121 78
51 30
278 8
153 62
295 33
505 55
-1 254
254 37
373 38
-1 306
306 36
-1 430
430 21
596 52
115 13
-1 590
-1 373
-1 39
63
-1 84
-1 151
-1 414
-1 482
-1 167
58
172 99
-1 274
274 92
-1 370
370 69
109 52
141 25
563 73
544 81
148 60
80 98
452 41
218 89
-1 305
305 50
540 65
-1 450
450 94
97 95
352 57
-1 561
561 34
-1 183
183 26
-1 230
230 69
10 98
489 89
-1 512
512 92
-1 366
366 20
-1 563
563 49
121 76
267 95
-1 57
57 10
489 30
409 84
74 31
511 32
-1 303
303 26
288 55
496 62
458 95
97 9
88 73
545 98
-1 403
403 11
111 73
533 55
484 86
523 76
-1 410
410 34
121 35
413 72
-1 136
136 66
486 89
-1 106
-1 232
-1 29
-1 51
-1 489
30
120 31
473 9
-1 438
-1 287
-1 114
-1 101
-1 315
-1 154
-1 335
-1 301
-1 541
-1 273
45
-1 76
76 30
442 72
581 62
-1 526
-1 564
-1 474
-1 260
-1 523
-1 24
-1 243
-1 10
6
-1 572
572 94
-1 351
351 63
-1 147
147 66
-1 172
172 50
206 76
-1 86
-1 412
-1 551
-1 530
-1 153
-1 496
-1 581
62
-1 82
82 2
271 25
-1 374
374 10
-1 328
328 69
507 35
-1 14
14 66
37 12
-1 524
524 21
-1 165
165 3
-1 424
-1 138
-1 577
-1 422
-1 280
-1 452
41
62 32
-1 133
133 21
-1 98
-1 259
-1 323
-1 73
-1 278
8
497 88
-1 19
19 10
-1 348
348 10
238 65
74 99
211 65
555 31
547 60
466 18
349 89
429 31
372 35
434 74
466 44
-1 205
205 64
6 86
-1 457
457 58
417 79
71 27
371 31
448 33
124 93
-1 201
201 62
-1 196
-1 592
-1 237
-1 228
-1 322
-1 283
-1 33
-1 290
14
16 53
432 43
146 12
257 29
587 16
-1 88
-1 109
38
-1 471
471 40
-1 329
329 19
148 44
534 33
-1 253
-1 576
-1 419
-1 516
-1 271
-1 12
-1 218
-1 486
-1 349
89
466 43
519 12
156 22
35 31
-1 497
497 24
-1 141
141 92
-1 272
272 41
-1 377
377 21
352 65
405 78
547 27
528 91
87 0
392 25
547 4
203 72
-1 505
505 45
294 31
276 5
453 29
-1 359
-1 427
-1 244
-1 20
-1 573
-1 533
59
-1 537
537 67
-1 435
435 24
-1 222
222 49
128 98
211 4
7 70
-1 110
110 48
547 44
-1 263
263 45
238 82
207 88
568 70
408 86
-1 559
559 24
206 16
519 83
423 95
-1 466
466 15
350 88
-1 150
150 67
-1 276
276 77
330 72
236 1
258 60
399 0
500 82
409 18
-1 484
484 94
-1 468
468 62
-1 483
483 58
-1 284
-1 199
-1 47
39
-1 506
506 8
318 96
409 43
527 52
255 84
-1 294
294 75
372 16
-1 42
42 62
-1 61
61 66
268 81
-1 115
115 38
296 88
-1 343
343 36
-1 375
-1 104
-1 396
-1 281
-1 97
-1 267
-1 458
-1 423
95
-1 275
-1 87
-1 399
0
527 13
599 96
-1 184
184 38
-1 344
-1 347
-1 178
-1 121
-1 215
-1 587
-1 206
-1 372
16
258 84
481 1
-1 68
68 48
-1 2
2 14
-1 36
36 90
-1 362
362 20
-1 409
-1 255
-1 470
-1 383
-1 180
-1 176
-1 16
53
-1 478
478 62
-1 321
321 37
-1 528
528 0
148 43
156 5
-1 555
555 39
-1 156
156 77
100 91
540 4
-1 583
583 2
443 81
143 29
-1 94
94 40
-1 494
494 66
387 71
391 12
9 86
554 88
364 88
7 9
-1 6
6 94
-1 288
288 45
-1 257
257 53
413 32
-1 316
316 37
9 18
542 7
-1 391
391 41
-1 307
-1 408
-1 9
86
124 7
-1 341
341 67
-1 567
567 62
558 5
-1 190
190 2
186 31
-1 588
-1 547
-1 148
-1 234
-1 258
-1 236
-1 481
1
491 74
-1 166
166 64
-1 64
64 36
542 70
-1 80
-1 128
-1 545
-1 126
-1 405
78
-1 473
473 95
-1 413
413 75
-1 324
324 45
-1 558
558 77
538 72
432 60
-1 103
103 37
-1 499
499 64
390 5
-1 37
37 2
171 82
191 97
159 61
-1 31
31 86
-1 357
357 94
-1 81
-1 256
-1 511
-1 286
-1 45
-1 442
-1 203
-1 330
-1 538
72
-1 56
56 69
-1 543
-1 598
-1 46
-1 395
-1 295
-1 448
-1 534
33
159 97
171 44
-1 168
168 34
-1 302
302 59
-1 428
428 8
-1 390
390 77
371 42
-1 578
578 62
-1 143
143 62
71 56
-1 431
-1 504
-1 397
-1 407
-1 248
-1 74
-1 120
-1 429
-1 371
-1 35
-1 186
31
171 4
-1 392
392 77
111 87
-1 553
553 48
542 81
-1 527
527 38
-1 200
200 33
-1 43
43 3
-1 159
61
432 84
-1 449
449 58
-1 493
493 6
238 57
-1 23
-1 83
-1 355
-1 225
-1 96
-1 26
-1 131
-1 207
-1 350
-1 296
-1 554
-1 364
88
519 9
-1 161
161 59
-1 461
461 62
25 57
342 93
-1 354
354 24
-1 116
116 16
-1 279
279 6
-1 90
90 66
-1 235
235 45
-1 191
191 61
517 35
-1 492
492 45
536 54
-1 479
479 8
-1 59
59 94
102 68
-1 311
311 16
566 71
-1 415
415 3
-1 309
309 10
385 99
352 82
-1 202
202 89
434 52
-1 211
211 34
-1 122
122 53
-1 346
-1 55
-1 229
-1 100
91
-1 124
124 3
-1 197
197 94
170 84
446 85
-1 220
220 10
-1 417
417 10
204 71
208 71
7 81
-1 501
501 53
-1 89
-1 507
-1 517
35
-1 597
597 20
-1 227
227 26
-1 192
192 10
544 9
300 74
-1 170
170 1
-1 566
566 89
137 74
-1 164
164 8
-1 460
460 88
-1 146
146 2
451 5
-1 453
453 53
-1 540
-1 171
-1 500
-1 352
-1 238
-1 25
57
568 81
-1 425
-1 251
-1 420
-1 434
-1 491
-1 300
-1 137
74
-1 421
421 15
-1 503
503 21
-1 77
77 26
-1 465
465 36
-1 451
451 77
-1 63
63 35
-1 319
319 41
-1 127
127 72
-1 7
-1 519
-1 544
9
-1 584
584 88
71 60
-1 245
245 66
-1 112
-1 252
-1 437
-1 557
-1 249
-1 387
-1 204
-1 208
71
-1 140
140 6
536 93
-1 385
385 50
-1 189
189 89
-1 432
432 15
-1 102
102 92
-1 418
418 62
-1 163
163 59
-1 568
568 9
-1 231
231 3
-1 445
445 64
-1 111
111 63
-1 17
17 20
-1 224
224 48
-1 304
304 94
389 52
-1 193
193 86
-1 44
44 10
-1 173
173 62
525 55
-1 149
149 14
-1 480
480 14
-1 223
223 10
-1 378
378 88
565 98
-1 363
363 57
-1 62
62 36
-1 71
71 15
-1 376
376 35
-1 444
444 63
-1 536
536 37
-1 542
542 3
454 85
-1 443
443 9
-1 268
268 9
-1 487
487 91
389 13
-1 580
580 10
-1 34
34 33
-1 469
469 45
-1 488
488 31
565 97
-1 411
411 35
-1 342
342 58
177 52
-1 160
160 26
-1 406
406 50
-1 54
54 8
-1 67
67 94
-1 433
433 10
-1 381
381 62
-1 266
266 57
-1 332
332 20
-1 277
277 63
-1 565
565 78
-1 472
472 31
-1 262
262 89
-1 446
-1 454
85
-1 27
27 89
-1 358
358 88
-1 467
467 94
-1 441
441 6
-1 525
525 14
520 23
-1 65
65 64
340 96
-1 404
404 71
246 52
13 47
-1 92
92 36
-1 475
475 85
50 52
-1 13
13 24
-1 75
75 62
-1 50
50 8
-1 217
217 62
-1 318
318 66
-1 340
340 35
-1 520
520 36
-1 246
246 74
-1 596
596 63
-1 177
177 74
-1 369
369 59
599 47
-1 325
325 6
-1 198
198 94
-1 331
331 62
-1 599
599 1
-1 477
477 6
514 5
-1 514
514 77
-1 389
389 2
-1 282
282 89
end
1
1
1
1
0
0
1
0
0
0
1
1
0
0
1
1
1
0
0
1
1
1
0
0
1
0
1
0
0
0
1
1
0
0
1
0
1
1
0
0
1
0
0
0
0
1
1
0
0
1
0
0
0
1
0
0
0
1
1
1
0
1
1
1
1
0
1
1
0
1
0
1
1
0
1
1
0
1
0
0
0
0
0
0
0
1
0
0
1
0
1
1
1
0
1
1
0
0
0
0
69
92
14
21
19
10
94
95
90
15
6
94
30
24
66
19
53
20
24
10
59
75
66
88
6
57
88
77
36
30
64
53
21
14
0
31
90
2
66
63
67
34
62
3
10
72
0
92
49
20
74
30
3
10
24
91
69
10
77
94
3
66
36
16
36
64
20
94
21
69
67
15
10
20
31
62
30
26
69
77
16
72
2
88
58
66
62
0
63
16
66
69
36
75
40
75
88
95
20
77
91
45
92
37
95
36
30
46
36
63
77
63
71
26
45
11
16
10
66
37
31
16
53
34
3
36
67
72
67
77
66
88
69
21
90
3
66
74
2
49
6
92
15
62
69
19
2
66
1
14
67
58
66
62
45
24
77
77
66
61
26
59
21
59
88
3
64
58
57
3
1
57
31
62
92
49
53
74
16
24
53
94
15
26
63
40
31
90
19
71
2
61
10
94
20
11
14
94
94
21
95
62
77
72
71
16
16
88
71
15
37
57
69
40
2
16
10
62
21
64
10
15
49
10
77
88
24
26
14
91
69
3
30
77
1
45
1
14
57
90
15
11
49
6
59
66
74
75
31
71
94
74
71
77
37
53
72
53
1
20
6
26
77
45
67
19
57
95
91
92
10
77
14
45
92
0
77
63
20
6
2
95
77
14
92
21
72
45
45
3
14
10
46
3
31
69
88
66
20
90
74
45
59
26
94
72
36
15
49
10
3
16
21
49
36
45
37
24
66
2
69
37
14
20
45
6
2
3
69
19
72
62
20
77
2
45
36
46
36
11
66
67
58
36
16
34
91
16
10
77
88
63
57
20
24
88
75
94
88
59
19
24
20
57
88
3
20
3
15
59
69
31
16
63
10
95
66
21
88
75
64
62
69
53
24
72
75
71
11
2
77
20
77
92
77
0
95
31
92
0
64
26
37
11
71
67
31
31
15
53
57
16
62
72
58
3
20
10
62
30
74
15
20
95
2
74
69
59
88
31
21
31
15
10
74
24
3
71
45
2
11
6
72
91
63
64
85
10
69
58
94
77
20
53
85
71
26
58
95
75
88
62
94
69
66
36
15
94
62
45
53
40
31
95
6
85
66
6
62
88
14
1
58
58
94
49
92
91
31
30
64
74
45
6
66
53
62
88
67
64
57
53
75
21
31
45
88
16
75
11
49
72
92
49
77
15
30
16
77
95
36
66
94
6
21
14
6
11
91
36
62
10
94
59
69
92
37
67
72
69
57
45
3
0
37
67
2
1
94
20
37
62
49
77
88
31
10
71
77
24
77
1
2
49
6
26
71
62
91
94
64
40
94
59
69
67
77
2
62
77
10
62
19
2
88
24
94
16
1
3
63
67
14
36
26
75
63
20
0
1
